<?xml version="1.0"?>
<opencv_storage>
<calibration_time>"Sat Jan 12 15:33:20 2019"</calibration_time>
<nr_of_frames>11</nr_of_frames>
<image_width>1080</image_width>
<image_height>720</image_height>
<board_width>9</board_width>
<board_height>6</board_height>
<square_size>50.</square_size>
<fix_aspect_ratio>1.</fix_aspect_ratio>
<!-- flags: +fix_aspectRatio +fix_principal_point +zero_tangent_dist -->
<flags>14</flags>
<fisheye_model>0</fisheye_model>
<camera_matrix type_id="opencv-matrix">
  <rows>3</rows>
  <cols>3</cols>
  <dt>d</dt>
  <data>
    1.5398643386975596e+03 0. 540. 0. 1.5398643386975596e+03 360. 0. 0.
    1.</data></camera_matrix>
<distortion_coefficients type_id="opencv-matrix">
  <rows>5</rows>
  <cols>1</cols>
  <dt>d</dt>
  <data>
    -4.6476810579541492e-02 2.2576906536140453e+00 0. 0.
    -1.2809328847417021e+01</data></distortion_coefficients>
<avg_reprojection_error>2.1988493007065205e-01</avg_reprojection_error>
<per_view_reprojection_errors type_id="opencv-matrix">
  <rows>11</rows>
  <cols>1</cols>
  <dt>f</dt>
  <data>
    2.48608887e-01 1.54418543e-01 2.70463705e-01 2.53695160e-01
    2.82987058e-01 1.19517736e-01 1.74312904e-01 2.16448903e-01
    1.54261157e-01 1.62691653e-01 2.94641346e-01</data></per_view_reprojection_errors>
<!-- a set of 6-tuples (rotation vector + translation vector) for each view -->
<extrinsic_parameters type_id="opencv-matrix">
  <rows>11</rows>
  <cols>6</cols>
  <dt>d</dt>
  <data>
    2.2506300502673610e-01 6.3795698805141868e-02 8.4990883214549080e-03
    5.8491315884911000e+02 -5.6634586406830124e+02
    3.0891331325435585e+03 1.3294527848128704e-01 1.1165703099171705e-02
    3.0176648722488125e-02 7.2617411409988947e+01
    -5.6132828448673354e+02 2.9952557354057303e+03
    1.0006768867157230e-01 1.0229625583898401e-01 3.9739624340812983e-02
    -3.3568959067850096e+02 -5.8006512639438813e+02
    3.0011100023331351e+03 1.2851127460158671e-01 7.2097512009790685e-02
    4.3351267903280699e-02 -7.2520064820750088e+02
    -1.3949835381653270e+02 2.7465107120481257e+03
    5.1920073291356915e-02 7.1022698407461379e-02
    -3.1929825866439379e-03 -3.6277660581438960e+02
    -8.6194233644961542e+01 2.7746524063188622e+03
    4.0265128536355999e-02 9.4969604505472389e-03 2.6582310086764298e-03
    6.1036320047084288e+01 -1.4551026984539146e+02
    2.9040821223946728e+03 5.7802285265367133e-02 2.5089333824235557e-02
    9.5344090841720658e-03 4.5710186901426192e+02
    -1.4463594994015915e+02 2.9969364677106773e+03
    5.1285400838983544e-02 -7.4711297569393667e-02
    1.4132237330607922e-02 4.8344147795132130e+02 2.3695474925571239e+02
    2.9655049128736428e+03 5.9792077385753428e-02
    -3.8336531208065891e-02 9.1778541906068749e-03
    2.4416085753699880e+02 2.4397787773902337e+02 2.9640426954077143e+03
    7.4452337689776729e-02 1.2923023606467098e-02 4.1220568571255249e-03
    -2.1499385761608627e+02 2.8184354366318678e+02
    3.0785274489021217e+03 -1.0918589268533428e-02
    1.9556830681138357e-01 -7.6118593945739086e-03
    -7.7186006579744821e+02 2.7518342959543844e+02
    2.9985075235921959e+03</data></extrinsic_parameters>
<image_points type_id="opencv-matrix">
  <rows>11</rows>
  <cols>54</cols>
  <dt>"2f"</dt>
  <data>
    8.32933167e+02 7.69133148e+01 8.58421936e+02 7.66707916e+01
    8.83390198e+02 7.67256851e+01 9.08985718e+02 7.68841400e+01
    9.34525085e+02 7.65220795e+01 9.59842224e+02 7.66913452e+01
    9.85452148e+02 7.69893188e+01 1.01116718e+03 7.70492935e+01
    1.03642224e+03 7.73511276e+01 8.31750305e+02 1.02223320e+02
    8.56856445e+02 1.02333527e+02 8.81941711e+02 1.02361328e+02
    9.07509155e+02 1.02195190e+02 9.32943970e+02 1.02191887e+02
    9.58557861e+02 1.02266624e+02 9.83889343e+02 1.02554001e+02
    1.00934088e+03 1.02454742e+02 1.03493091e+03 1.02751053e+02
    8.30426086e+02 1.27402374e+02 8.55538391e+02 1.27320610e+02
    8.80571045e+02 1.27228271e+02 9.06052917e+02 1.27315056e+02
    9.31550720e+02 1.27358192e+02 9.57206360e+02 1.27169678e+02
    9.82656250e+02 1.27553047e+02 1.00763214e+03 1.27874985e+02
    1.03316077e+03 1.28118530e+02 8.28986023e+02 1.52634018e+02
    8.53865662e+02 1.52498154e+02 8.79043640e+02 1.52547607e+02
    9.04521057e+02 1.52669571e+02 9.29699707e+02 1.52666794e+02
    9.55397339e+02 1.52597748e+02 9.80844299e+02 1.52748016e+02
    1.00642957e+03 1.52937912e+02 1.03130981e+03 1.53369720e+02
    8.27773254e+02 1.77125519e+02 8.52638428e+02 1.77259506e+02
    8.77661499e+02 1.77487305e+02 9.03002563e+02 1.77488297e+02
    9.28467102e+02 1.77469681e+02 9.54193115e+02 1.77477997e+02
    9.79234741e+02 1.77779892e+02 1.00429932e+03 1.78022690e+02
    1.02973840e+03 1.78566986e+02 8.26745911e+02 2.01696167e+02
    8.51511780e+02 2.02085861e+02 8.76411377e+02 2.02259476e+02
    9.01399170e+02 2.02173508e+02 9.26846436e+02 2.02383728e+02
    9.52350525e+02 2.02568405e+02 9.77380066e+02 2.02809891e+02
    1.00277911e+03 2.03026566e+02 1.02824805e+03 2.03149017e+02
    5.77452087e+02 7.11077271e+01 6.02815979e+02 7.19806824e+01
    6.28617126e+02 7.26733551e+01 6.54501160e+02 7.34527740e+01
    6.80288147e+02 7.43003922e+01 7.06109924e+02 7.47756042e+01
    7.32141174e+02 7.52490463e+01 7.57875244e+02 7.61013031e+01
    7.83697510e+02 7.66722946e+01 5.76556458e+02 9.72907944e+01
    6.02246094e+02 9.83169937e+01 6.27643311e+02 9.88468475e+01
    6.53407227e+02 9.95207748e+01 6.79186951e+02 1.00382484e+02
    7.04868164e+02 1.00828934e+02 7.30723022e+02 1.01665985e+02
    7.56551941e+02 1.02266251e+02 7.82352112e+02 1.03137451e+02
    5.75689331e+02 1.23180023e+02 6.01285339e+02 1.24137253e+02
    6.26790588e+02 1.24914894e+02 6.52416748e+02 1.25510628e+02
    6.78258057e+02 1.26240891e+02 7.03873108e+02 1.26763939e+02
    7.29634583e+02 1.27449188e+02 7.55203003e+02 1.28372040e+02
    7.80865356e+02 1.29156784e+02 5.74864319e+02 1.49342712e+02
    6.00366333e+02 1.50171280e+02 6.25796387e+02 1.50883698e+02
    6.51365051e+02 1.51587265e+02 6.77058228e+02 1.52444901e+02
    7.02611450e+02 1.52896606e+02 7.28422791e+02 1.53663239e+02
    7.53712891e+02 1.54466400e+02 7.79437805e+02 1.55161285e+02
    5.74197876e+02 1.74949982e+02 5.99507202e+02 1.75665512e+02
    6.24916077e+02 1.76487350e+02 6.50481689e+02 1.77354019e+02
    6.75999939e+02 1.77963089e+02 7.01555298e+02 1.78650620e+02
    7.27173279e+02 1.79543304e+02 7.52525452e+02 1.80365982e+02
    7.78194275e+02 1.80892609e+02 5.73351257e+02 2.00461075e+02
    5.98611206e+02 2.01274872e+02 6.24115601e+02 2.01882492e+02
    6.49468811e+02 2.02846786e+02 6.74927795e+02 2.03553070e+02
    7.00345398e+02 2.04388901e+02 7.25704102e+02 2.05220032e+02
    7.51278870e+02 2.05752151e+02 7.76859009e+02 2.06548523e+02
    3.67196228e+02 6.16142044e+01 3.92467010e+02 6.24408417e+01
    4.18148376e+02 6.33108482e+01 4.43549255e+02 6.38783836e+01
    4.69279541e+02 6.45986099e+01 4.95218964e+02 6.52640152e+01
    5.20883850e+02 6.60041580e+01 5.46603699e+02 6.66246109e+01
    5.72712708e+02 6.74283447e+01 3.66624512e+02 8.78600845e+01
    3.92127289e+02 8.89471359e+01 4.17332764e+02 8.95757294e+01
    4.43147766e+02 9.04620438e+01 4.68587494e+02 9.10092850e+01
    4.94168701e+02 9.15959778e+01 5.19961121e+02 9.24692841e+01
    5.45637451e+02 9.32375183e+01 5.71564331e+02 9.40846634e+01
    3.66390198e+02 1.14074226e+02 3.91527710e+02 1.14834229e+02
    4.16882202e+02 1.15665840e+02 4.42354218e+02 1.16581596e+02
    4.67759491e+02 1.17125954e+02 4.93232727e+02 1.17774475e+02
    5.18989563e+02 1.18634514e+02 5.44620605e+02 1.19478935e+02
    5.70361877e+02 1.20294090e+02 3.66205261e+02 1.40138885e+02
    3.91358826e+02 1.40866730e+02 4.16468506e+02 1.41765457e+02
    4.41720306e+02 1.42662827e+02 4.67015106e+02 1.43360657e+02
    4.92341278e+02 1.44032623e+02 5.17992737e+02 1.44778656e+02
    5.43501099e+02 1.45453247e+02 5.69145569e+02 1.46516220e+02
    3.65637238e+02 1.65731491e+02 3.90615326e+02 1.66628876e+02
    4.15651062e+02 1.67495071e+02 4.40965027e+02 1.68502228e+02
