<?xml version="1.0"?>
<opencv_storage>
<calibration_time>"Sat Jan 12 15:31:08 2019"</calibration_time>
<nr_of_frames>11</nr_of_frames>
<image_width>1080</image_width>
<image_height>720</image_height>
<board_width>9</board_width>
<board_height>6</board_height>
<square_size>50.</square_size>
<fix_aspect_ratio>1.</fix_aspect_ratio>
<!-- flags: +fix_aspectRatio +fix_principal_point +zero_tangent_dist -->
<flags>14</flags>
<fisheye_model>0</fisheye_model>
<camera_matrix type_id="opencv-matrix">
  <rows>3</rows>
  <cols>3</cols>
  <dt>d</dt>
  <data>
    9.5837354718238589e+02 0. 540. 0. 9.5837354718238589e+02 360. 0. 0.
    1.</data></camera_matrix>
<distortion_coefficients type_id="opencv-matrix">
  <rows>5</rows>
  <cols>1</cols>
  <dt>d</dt>
  <data>
    -1.1356731373862294e-01 8.7464915907416252e-01 0. 0.
    -1.8056775989946876e+00</data></distortion_coefficients>
<avg_reprojection_error>1.7967400917331397e-01</avg_reprojection_error>
<per_view_reprojection_errors type_id="opencv-matrix">
  <rows>11</rows>
  <cols>1</cols>
  <dt>f</dt>
  <data>
    1.69310957e-01 1.87418669e-01 2.06589997e-01 1.62232488e-01
    2.14231804e-01 1.31365165e-01 1.66607842e-01 1.96325213e-01
    1.78290427e-01 1.44546390e-01 2.00460732e-01</data></per_view_reprojection_errors>
<!-- a set of 6-tuples (rotation vector + translation vector) for each view -->
<extrinsic_parameters type_id="opencv-matrix">
  <rows>11</rows>
  <cols>6</cols>
  <dt>d</dt>
  <data>
    8.4316129881598471e-03 3.7202195598393620e-02 1.9411005886068717e-02
    3.5907462397135322e+02 -6.6597545680971803e+02
    2.2028525068910885e+03 1.6146417494981413e-01 1.4617236553478422e-01
    5.9983811917122681e-02 -3.0050243202875163e+02
    -5.8041687142866078e+02 1.9397683373188140e+03
    3.6445497028872557e-02 -5.2236235318585490e-02
    -1.9132951692330761e-02 -9.0761685794388757e+02
    -5.5440109657723781e+02 1.9689154798908969e+03
    8.7679758520914391e-02 5.7020175320188861e-02 1.7343320648968714e-03
    -7.5618351556353298e+02 -1.8731521738840331e+02
    2.0849640094084966e+03 1.8113176493011757e-01 5.3637950044497291e-02
    2.3526676392005663e-03 -3.4922391439794762e+02
    -1.6372687048267898e+02 1.9469909300127231e+03
    1.1694933394241640e-01 -1.0565097216844659e-02
    3.7927044554032417e-02 2.0495127131878158e+02
    -1.4553122451767726e+02 1.9431490210274942e+03
    8.9119217528301625e-02 -3.4857692955258583e-02
    4.7504791371883034e-03 5.2283260154975608e+02
    -1.9018651029797255e+02 1.9545542834649373e+03
    8.2672834237991544e-02 -1.6199486393586014e-03
    -3.4350089244536731e-02 5.2565119077622694e+02
    2.3865916762141745e+02 1.9183872793182384e+03 1.8349356685599071e-02
    -9.9893571428418138e-03 -5.8343033735160279e-03
    2.1640960789806178e+02 3.6009331058906423e+02 2.0900020399120772e+03
    6.7539499455683105e-02 1.2804667409471372e-02 6.2981945328798453e-03
    -1.8238000010681554e+02 3.3613174088335199e+02
    2.0700315292082123e+03 1.9164143760356311e-02 2.9150767686899403e-02
    3.1840175752932288e-03 -6.6643991373542656e+02
    2.9926184440191446e+02 1.9764502161447092e+03</data></extrinsic_parameters>
<image_points type_id="opencv-matrix">
  <rows>11</rows>
  <cols>54</cols>
  <dt>"2f"</dt>
  <data>
    6.95468872e+02 7.13726883e+01 7.17357544e+02 7.14902344e+01
    7.39188599e+02 7.16984253e+01 7.61160645e+02 7.19942627e+01
    7.83163696e+02 7.18870621e+01 8.05262634e+02 7.20429840e+01
    8.27542908e+02 7.21403656e+01 8.49591736e+02 7.21980133e+01
    8.71667053e+02 7.25198898e+01 6.95251770e+02 9.31829300e+01
    7.16860779e+02 9.33526382e+01 7.38584106e+02 9.36134186e+01
    7.60702759e+02 9.38517227e+01 7.82621094e+02 9.38368683e+01
    8.04671692e+02 9.36914673e+01 8.26795044e+02 9.42117920e+01
    8.48891174e+02 9.42289047e+01 8.70896179e+02 9.44211578e+01
    6.94700684e+02 1.14862526e+02 7.16428101e+02 1.15030426e+02
    7.38188049e+02 1.15357964e+02 7.60182190e+02 1.15602417e+02
    7.82226013e+02 1.15560417e+02 8.04270813e+02 1.15460419e+02
    8.26379333e+02 1.15769836e+02 8.48315613e+02 1.16229614e+02
    8.70484009e+02 1.16199936e+02 6.94220032e+02 1.36711014e+02
    7.15916626e+02 1.36906906e+02 7.37515686e+02 1.37322632e+02
    7.59575378e+02 1.37524002e+02 7.81426086e+02 1.37672714e+02
    8.03528748e+02 1.37679398e+02 8.25667786e+02 1.37877716e+02
    8.47753357e+02 1.37928329e+02 8.69675293e+02 1.38400955e+02
    6.93699463e+02 1.58354309e+02 7.15482422e+02 1.58619751e+02
    7.37164734e+02 1.58996445e+02 7.58938232e+02 1.59246979e+02
    7.81133911e+02 1.59327621e+02 8.03072449e+02 1.59334564e+02
    8.25159668e+02 1.59643860e+02 8.47177063e+02 1.59907455e+02
    8.69330872e+02 1.60188828e+02 6.93467896e+02 1.79873444e+02
    7.15151123e+02 1.80269241e+02 7.36830017e+02 1.80560394e+02
    7.58709167e+02 1.80778427e+02 7.80595825e+02 1.81053848e+02
    8.02419556e+02 1.81350845e+02 8.24480103e+02 1.81426315e+02
    8.46625732e+02 1.81541031e+02 8.68899414e+02 1.81713989e+02
    3.92125427e+02 7.43696823e+01 4.15821686e+02 7.50794449e+01
    4.39955566e+02 7.60327377e+01 4.64168976e+02 7.66374741e+01
    4.88548462e+02 7.73649826e+01 5.13184814e+02 7.81664124e+01
    5.38153137e+02 7.87883148e+01 5.62906921e+02 7.95944595e+01
    5.88273010e+02 8.04184418e+01 3.91434235e+02 9.97256927e+01
    4.15361633e+02 1.00590202e+02 4.39213623e+02 1.01478981e+02
    4.63456238e+02 1.02511810e+02 4.87654205e+02 1.03214958e+02
    5.12043152e+02 1.03939484e+02 5.36837769e+02 1.04965363e+02
    5.61647461e+02 1.05521782e+02 5.86502502e+02 1.06516472e+02
    3.91014008e+02 1.25011711e+02 4.14595612e+02 1.25859306e+02
    4.38570740e+02 1.26725540e+02 4.62559174e+02 1.27783699e+02
    4.86580261e+02 1.28576935e+02 5.11002167e+02 1.29429184e+02
    5.35642334e+02 1.30441635e+02 5.60393188e+02 1.31159836e+02
    5.85221619e+02 1.32168259e+02 3.90606537e+02 1.49915009e+02
    4.14023438e+02 1.50909988e+02 4.37957001e+02 1.51970551e+02
    4.61864197e+02 1.52851196e+02 4.85655609e+02 1.53945923e+02
    5.09667999e+02 1.54756744e+02 5.34418457e+02 1.55654099e+02
    5.58940857e+02 1.56735886e+02 5.83675110e+02 1.57865631e+02
    3.90236633e+02 1.74510254e+02 4.13611633e+02 1.75608536e+02
    4.37083557e+02 1.76766891e+02 4.60811646e+02 1.77676773e+02
    4.84633942e+02 1.78710938e+02 5.08727417e+02 1.79724915e+02
    5.33238037e+02 1.80845779e+02 5.57554932e+02 1.81717514e+02
    5.82239258e+02 1.83100266e+02 3.89457855e+02 1.98908112e+02
    4.12787201e+02 2.00017715e+02 4.36181885e+02 2.01229294e+02
    4.59934631e+02 2.02337448e+02 4.83592346e+02 2.03323029e+02
    5.07524200e+02 2.04463043e+02 5.31921204e+02 2.05524231e+02
    5.56177063e+02 2.06782318e+02 5.80635193e+02 2.08067764e+02
    9.97522888e+01 9.07778625e+01 1.24099449e+02 9.06683044e+01
    1.48521133e+02 9.06192932e+01 1.73145889e+02 9.06342468e+01
    1.97753494e+02 9.02506714e+01 2.22530884e+02 9.00467758e+01
    2.47325729e+02 9.02128601e+01 2.71749573e+02 9.00055618e+01
    2.96425690e+02 9.00565262e+01 1.00425591e+02 1.15231735e+02
    1.24680672e+02 1.15178787e+02 1.49282761e+02 1.15001350e+02
    1.74105209e+02 1.14868645e+02 1.98711807e+02 1.14604820e+02
    2.23302917e+02 1.14432343e+02 2.48054062e+02 1.14438698e+02
    2.72563293e+02 1.14465065e+02 2.96924103e+02 1.14313232e+02
    1.00844688e+02 1.39615875e+02 1.25382141e+02 1.39382614e+02
    1.50022186e+02 1.39175400e+02 1.74804718e+02 1.39107773e+02
    1.99476089e+02 1.38770523e+02 2.23950455e+02 1.38540085e+02
    2.48737900e+02 1.38654953e+02 2.73377472e+02 1.38666382e+02
    2.97637146e+02 1.38716034e+02 1.01685753e+02 1.64136658e+02
    1.26501396e+02 1.63867416e+02 1.51014343e+02 1.63628006e+02
    1.75696350e+02 1.63568146e+02 2.00403519e+02 1.63315659e+02
    2.24695312e+02 1.63206528e+02 2.49524933e+02 1.62838776e+02
    2.74235474e+02 1.63066620e+02 2.98361389e+02 1.62918259e+02
    1.02696808e+02 1.88421188e+02 1.27350105e+02 1.88270706e+02
    1.51942169e+02 1.88122421e+02 1.76722595e+02 1.87834686e+02
