<?xml version="1.0"?>
<opencv_storage>
<calibration_time>"Sat Jan 12 15:02:20 2019"</calibration_time>
<nr_of_frames>13</nr_of_frames>
<image_width>640</image_width>
<image_height>426</image_height>
<board_width>9</board_width>
<board_height>6</board_height>
<square_size>50.</square_size>
<fix_aspect_ratio>1.</fix_aspect_ratio>
<!-- flags: +fix_aspectRatio +fix_principal_point +zero_tangent_dist -->
<flags>14</flags>
<fisheye_model>0</fisheye_model>
<camera_matrix type_id="opencv-matrix">
  <rows>3</rows>
  <cols>3</cols>
  <dt>d</dt>
  <data>
    2.4104336591070510e+03 0. 320. 0. 2.4104336591070510e+03 213. 0. 0.
    1.</data></camera_matrix>
<distortion_coefficients type_id="opencv-matrix">
  <rows>5</rows>
  <cols>1</cols>
  <dt>d</dt>
  <data>
    1.9793182767337725e+00 -2.0714661207664949e+02 0. 0.
    5.0062341831708964e+03</data></distortion_coefficients>
<avg_reprojection_error>2.3773215234751760e-01</avg_reprojection_error>
<per_view_reprojection_errors type_id="opencv-matrix">
  <rows>13</rows>
  <cols>1</cols>
  <dt>f</dt>
  <data>
    1.90651357e-01 2.38865823e-01 2.07721651e-01 2.40608662e-01
    2.06133261e-01 2.48213232e-01 2.50427783e-01 2.68521130e-01
    2.19722688e-01 2.82231003e-01 2.00603828e-01 2.65057802e-01
    2.50841618e-01</data></per_view_reprojection_errors>
<!-- a set of 6-tuples (rotation vector + translation vector) for each view -->
<extrinsic_parameters type_id="opencv-matrix">
  <rows>13</rows>
  <cols>6</cols>
  <dt>d</dt>
  <data>
    -7.7178431702430911e-02 3.0191811699467261e-04
    -3.1388036378154598e+00 7.6825135681414770e+02
    -1.4024605976945540e+02 7.0609648302264086e+03
    2.0255920722058679e-01 2.3110198724426195e-01 3.1053609895284180e+00
    3.6017669951870727e+02 -3.0604470947126345e+02
    7.2399728697285536e+03 1.5175372880305732e-01 2.4609526236173537e-01
    3.1268601935194051e+00 -2.1549968029012206e+02
    -2.5894311745855447e+02 7.3765448785170429e+03
    1.8479757591443521e-01 2.2652306813390513e-01 3.1310636731216577e+00
    -4.4914184593834636e+02 2.3577783119112078e+02
    7.1872994756476346e+03 -1.0417743692132257e-01
    4.2596449976306586e-02 -3.1373085493483868e+00
    -1.8933097171712663e+02 4.3940671495011054e+02
    7.2054088849605723e+03 -1.2076395086939813e-01
    -2.1326700297891518e-01 -3.1253832990457835e+00
    3.7988780960337601e+02 4.0391875949122118e+02 7.1475984286796447e+03
    1.9411510561740741e-01 -8.4044550317673786e-03
    -3.1210637847735274e+00 8.1432198070661218e+02
    3.1159392827507622e+02 7.1960380609847152e+03 2.7132867858081094e-01
    1.2203569008946971e-01 3.1281472244143980e+00
    -8.0646267060032699e+01 9.2724378169529331e+01
    7.2530090800738353e+03 1.1994641243948774e-01 1.5920981791983088e-01
    3.1315087356843221e+00 2.1959889300857157e+02 1.1181348877561069e+02
    7.2256531652288922e+03 -1.6605215843441321e-01
    -2.7164386208509617e-01 -3.1232243078403128e+00
    4.8440488674351349e+02 -5.2799460923854426e+01
    6.7745836631629682e+03 1.3394961037470934e-01 1.8084738508180451e-01
    3.0892722160074824e+00 -1.1854150670005558e+02
    -1.4198735202314739e+02 6.8881277864215945e+03
    1.8637837483683767e-01 -1.1460813023219843e-01
    -3.1304998819763243e+00 4.2618794328396416e+02
    2.7770637912977384e+02 7.3394239333656215e+03
    -1.5876069942123544e-01 -1.6202642418803900e-01
    -3.1296180128003499e+00 -6.2633717142259513e+01
    3.9608277353811434e+02 7.4135882929308154e+03</data></extrinsic_parameters>
<image_points type_id="opencv-matrix">
  <rows>13</rows>
  <cols>54</cols>
  <dt>"2f"</dt>
  <data>
    5.82856384e+02 1.64829300e+02 5.66051025e+02 1.64742889e+02
    5.48793945e+02 1.64748398e+02 5.32186096e+02 1.64674316e+02
    5.14827515e+02 1.64723450e+02 4.97562500e+02 1.64680634e+02
    4.80336182e+02 1.64772995e+02 4.63412384e+02 1.64738510e+02
    4.45799744e+02 1.64782425e+02 5.83162109e+02 1.48236603e+02
    5.65950439e+02 1.48076096e+02 5.48804810e+02 1.47884781e+02
    5.32242920e+02 1.47831573e+02 5.14781799e+02 1.47804306e+02
    4.97671722e+02 1.47748764e+02 4.80336975e+02 1.47811188e+02
    4.63406677e+02 1.47953644e+02 4.45906464e+02 1.47947708e+02
    5.82840515e+02 1.30771866e+02 5.65962830e+02 1.30687927e+02
    5.48782471e+02 1.30685638e+02 5.32208313e+02 1.30543182e+02
    5.14956116e+02 1.30595062e+02 4.97791656e+02 1.30551254e+02
    4.80659668e+02 1.30601593e+02 4.63464569e+02 1.30569107e+02
    4.46232880e+02 1.30631821e+02 5.82759338e+02 1.13535133e+02
    5.65737488e+02 1.13511429e+02 5.48651123e+02 1.13497681e+02
    5.32136353e+02 1.13391762e+02 5.14805054e+02 1.13425827e+02
    4.97755463e+02 1.13372650e+02 4.80692474e+02 1.13353264e+02
    4.63536865e+02 1.13366386e+02 4.46238068e+02 1.13379944e+02
    5.82523315e+02 9.68551331e+01 5.65606201e+02 9.66934967e+01
    5.48667786e+02 9.65680542e+01 5.31822937e+02 9.63786469e+01
    5.14903442e+02 9.62381516e+01 4.97750641e+02 9.59755630e+01
    4.80756256e+02 9.61157455e+01 4.63488831e+02 9.61941452e+01
    4.46429260e+02 9.60151672e+01 5.82466919e+02 7.97329788e+01
    5.65609619e+02 7.96721954e+01 5.48573303e+02 7.94547729e+01
    5.31948914e+02 7.94160156e+01 5.14918640e+02 7.93137283e+01
    4.97690948e+02 7.93360367e+01 4.80694641e+02 7.92721863e+01
    4.63562500e+02 7.92170181e+01 4.46522614e+02 7.91524200e+01
    4.40542023e+02 1.10662041e+02 4.24142944e+02 1.11322594e+02
    4.07323669e+02 1.12237663e+02 3.90453003e+02 1.12595673e+02
    3.73768585e+02 1.13271439e+02 3.57311035e+02 1.13516167e+02
    3.40820770e+02 1.14261398e+02 3.24366760e+02 1.15082146e+02
    3.08353668e+02 1.15451538e+02 4.40477051e+02 9.44050140e+01
    4.23740143e+02 9.47947083e+01 4.06888153e+02 9.54132385e+01
    3.89982605e+02 9.59147186e+01 3.73551392e+02 9.68458710e+01
    3.56894073e+02 9.73722382e+01 3.40650116e+02 9.80788651e+01
    3.24116425e+02 9.84733124e+01 3.07887238e+02 9.89103165e+01
    4.40051422e+02 7.75242920e+01 4.23340454e+02 7.85007248e+01
    4.06701538e+02 7.92540741e+01 3.89767456e+02 7.98232727e+01
    3.73528442e+02 8.03315201e+01 3.56678070e+02 8.07454987e+01
    3.40527954e+02 8.17350922e+01 3.23818573e+02 8.23491287e+01
    3.07708191e+02 8.28666382e+01 4.39674591e+02 6.14257851e+01
    4.22749817e+02 6.19648514e+01 4.06476227e+02 6.24936104e+01
    3.89548828e+02 6.31981621e+01 3.73316711e+02 6.41667786e+01
    3.56498871e+02 6.44695358e+01 3.40286041e+02 6.52925797e+01
    3.23720551e+02 6.56689682e+01 3.07549683e+02 6.66203995e+01
    4.39463928e+02 4.47099228e+01 4.22543854e+02 4.56678314e+01
    4.06293427e+02 4.64433022e+01 3.89333435e+02 4.70947227e+01
    3.73130768e+02 4.75369301e+01 3.56427185e+02 4.83011703e+01
    3.40131378e+02 4.92992744e+01 3.23515564e+02 4.98240280e+01
    3.07503601e+02 5.03126602e+01 4.39253937e+02 2.87282963e+01
    4.22406372e+02 2.94004898e+01 4.05825836e+02 2.98515224e+01
    3.89154480e+02 3.10295696e+01 3.72535065e+02 3.14872532e+01
    3.56233704e+02 3.21881943e+01 3.39802551e+02 3.26886253e+01
    3.23337372e+02 3.34971199e+01 3.07369232e+02 3.43170815e+01
    2.49424942e+02 1.28212616e+02 2.33168411e+02 1.28326019e+02
    2.17169922e+02 1.28422791e+02 2.00466568e+02 1.28517502e+02
    1.84337143e+02 1.28738647e+02 1.67683945e+02 1.28800797e+02
    1.51642456e+02 1.29062866e+02 1.35495331e+02 1.29364532e+02
    1.19446915e+02 1.29532135e+02 2.49514771e+02 1.12224678e+02
    2.33256973e+02 1.12366104e+02 2.17246185e+02 1.12440315e+02
    2.00545181e+02 1.12514702e+02 1.84470581e+02 1.12744186e+02
    1.67992661e+02 1.12802139e+02 1.52052505e+02 1.13210686e+02
    1.36097015e+02 1.13361900e+02 1.19610291e+02 1.13471169e+02
    2.49585312e+02 9.55709229e+01 2.33319733e+02 9.57896118e+01
    2.17354935e+02 9.62461014e+01 2.00608978e+02 9.65306091e+01
    1.84669937e+02 9.67174072e+01 1.68335846e+02 9.68702774e+01
    1.52271698e+02 9.72919998e+01 1.36352890e+02 9.73977280e+01
    1.20089508e+02 9.76265259e+01 2.49729034e+02 7.96539154e+01
    2.33445007e+02 7.98377075e+01 2.17447067e+02 8.02002029e+01
