<?xml version="1.0"?>
<opencv_storage>
<calibration_time>"Sat Jan 12 15:17:02 2019"</calibration_time>
<nr_of_frames>8</nr_of_frames>
<image_width>640</image_width>
<image_height>426</image_height>
<board_width>9</board_width>
<board_height>6</board_height>
<square_size>50.</square_size>
<fix_aspect_ratio>1.</fix_aspect_ratio>
<!-- flags: +fix_aspectRatio +fix_principal_point +zero_tangent_dist -->
<flags>14</flags>
<fisheye_model>0</fisheye_model>
<camera_matrix type_id="opencv-matrix">
  <rows>3</rows>
  <cols>3</cols>
  <dt>d</dt>
  <data>
    9.8978959798520168e+02 0. 320. 0. 9.8978959798520168e+02 213. 0. 0.
    1.</data></camera_matrix>
<distortion_coefficients type_id="opencv-matrix">
  <rows>5</rows>
  <cols>1</cols>
  <dt>d</dt>
  <data>
    4.0710930879367058e-01 -6.8480821581104383e+00 0. 0.
    2.6911276280931212e+01</data></distortion_coefficients>
<avg_reprojection_error>2.1006740441907482e-01</avg_reprojection_error>
<per_view_reprojection_errors type_id="opencv-matrix">
  <rows>8</rows>
  <cols>1</cols>
  <dt>f</dt>
  <data>
    2.10843965e-01 1.79824069e-01 1.76255971e-01 1.95297852e-01
    2.20530257e-01 2.02348068e-01 2.39772022e-01 2.44863763e-01</data></per_view_reprojection_errors>
<!-- a set of 6-tuples (rotation vector + translation vector) for each view -->
<extrinsic_parameters type_id="opencv-matrix">
  <rows>8</rows>
  <cols>6</cols>
  <dt>d</dt>
  <data>
    -7.1723376257284352e-02 -1.4173306392666543e-01
    -3.0917777367626296e+00 9.2221433628563818e+02
    -2.5798603136162274e+02 3.0125753545855009e+03
    -2.0447069810473933e-01 -1.3089319640646457e-01
    -3.1089162970212669e+00 5.0581964052222776e+02
    -2.8668133949904893e+02 3.0365637360227906e+03
    -1.9823500996811466e-01 2.7000694228710400e-02
    -3.1204927957434698e+00 1.0641193786678057e+01
    -2.7656846084184946e+02 3.0401151362745200e+03
    -3.1532874683707612e-01 2.4028770561299137e-02
    -3.0978566519237951e+00 -2.8837612218632552e+02
    -2.5554529500611230e+02 3.0267381854319769e+03
    2.0462724636426524e-01 -1.0804959694522807e-01
    3.1320321232559762e+00 -3.3676099777108777e+02
    8.8235429500218601e+01 2.9240378199307024e+03
    -1.2313122857473573e-01 -1.1572314054497851e-01
    -3.1235831994353576e+00 3.2042114679316404e+02
    1.7014197850361285e+02 2.5221150213200203e+03 2.4527341570043795e-01
    -9.9838273663440794e-02 3.0999301137293593e+00
    2.9154330960407339e+02 4.2118489093347387e+02 2.3470879023886610e+03
    -2.7749038213274452e-01 8.1430903721107742e-02
    -3.1273899882852296e+00 -2.6589344254125859e+02
    4.3789119871206935e+02 2.5081449727572644e+03</data></extrinsic_parameters>
<image_points type_id="opencv-matrix">
  <rows>8</rows>
  <cols>54</cols>
  <dt>"2f"</dt>
  <data>
    6.22630554e+02 1.28337967e+02 6.06584839e+02 1.27403740e+02
    5.90483276e+02 1.26698761e+02 5.74215271e+02 1.25851097e+02
    5.57712219e+02 1.25260818e+02 5.41574951e+02 1.24460403e+02
    5.24826172e+02 1.23642052e+02 5.08643433e+02 1.23080231e+02
    4.91853363e+02 1.22206551e+02 6.23103333e+02 1.12381416e+02
    6.06879395e+02 1.11692879e+02 5.90416992e+02 1.10548523e+02
    5.74458130e+02 1.09757492e+02 5.57945068e+02 1.09265930e+02
    5.41778564e+02 1.08357582e+02 5.25352966e+02 1.07519348e+02
    5.08827698e+02 1.06785797e+02 4.92386017e+02 1.06430199e+02
    6.22948914e+02 9.61482697e+01 6.06997559e+02 9.52561264e+01
    5.90760742e+02 9.48422699e+01 5.74581726e+02 9.38131790e+01
    5.58579102e+02 9.31873550e+01 5.42346802e+02 9.22540970e+01
    5.25843323e+02 9.15663528e+01 5.09399841e+02 9.10329208e+01
    4.93359375e+02 9.03566971e+01 6.23275940e+02 7.98676224e+01
    6.07177917e+02 7.94183121e+01 5.90693176e+02 7.86540070e+01
    5.74701538e+02 7.78842239e+01 5.58531616e+02 7.69726257e+01
    5.42538635e+02 7.60644760e+01 5.26194763e+02 7.54020233e+01
    5.09867950e+02 7.45996017e+01 4.93466156e+02 7.40803146e+01
    6.23267029e+02 6.42179108e+01 6.07252686e+02 6.29627991e+01
    5.91132324e+02 6.26940689e+01 5.74703125e+02 6.18471107e+01
    5.59301025e+02 6.12443466e+01 5.42644043e+02 6.03614120e+01
    5.26647888e+02 5.95900116e+01 5.10117889e+02 5.89942894e+01
    4.93815582e+02 5.78649712e+01 6.23435303e+02 4.81364479e+01
    6.07594910e+02 4.78575706e+01 5.91372803e+02 4.68798714e+01
    5.75147095e+02 4.61261902e+01 5.59203491e+02 4.52201958e+01
    5.42935242e+02 4.44464798e+01 5.26743042e+02 4.35828247e+01
    5.10539642e+02 4.27136917e+01 4.94426605e+02 4.22837448e+01
    4.85758209e+02 1.18829224e+02 4.69578430e+02 1.18730873e+02
    4.52787018e+02 1.18647507e+02 4.36547424e+02 1.18702538e+02
    4.19835632e+02 1.18668381e+02 4.03743530e+02 1.18570007e+02
    3.87468414e+02 1.18558495e+02 3.71181152e+02 1.18701019e+02
    3.55512909e+02 1.18472519e+02 4.86226044e+02 1.02881935e+02
    4.69647095e+02 1.02810867e+02 4.53142517e+02 1.02823471e+02
    4.36752045e+02 1.02578407e+02 4.20180969e+02 1.02735329e+02
    4.03887573e+02 1.02507530e+02 3.87763794e+02 1.02554558e+02
    3.71613068e+02 1.02551994e+02 3.55732758e+02 1.02593025e+02
    4.86344116e+02 8.63552094e+01 4.69885010e+02 8.65296097e+01
    4.53637177e+02 8.65154114e+01 4.36910522e+02 8.65445175e+01
    4.20833405e+02 8.65699844e+01 4.04436707e+02 8.65978470e+01
    3.88321198e+02 8.64489517e+01 3.72163422e+02 8.65698090e+01
    3.55963959e+02 8.65207291e+01 4.86743469e+02 7.05082932e+01
    4.70376038e+02 7.04978256e+01 4.53850861e+02 7.06204681e+01
    4.37407623e+02 7.05214615e+01 4.21104340e+02 7.06135788e+01
    4.04688477e+02 7.04429779e+01 3.88574951e+02 7.06830750e+01
    3.72472534e+02 7.06372910e+01 3.56467163e+02 7.06924286e+01
    4.87075806e+02 5.43330269e+01 4.70418732e+02 5.43436813e+01
    4.54213562e+02 5.45086784e+01 4.37508057e+02 5.46012383e+01
    4.21566345e+02 5.45972404e+01 4.05162781e+02 5.49178886e+01
    3.88866882e+02 5.50049934e+01 3.72734406e+02 5.52350578e+01
    3.56737366e+02 5.48194160e+01 4.87326813e+02 3.84758110e+01
    4.70728058e+02 3.84757881e+01 4.54443237e+02 3.86645851e+01
    4.37903229e+02 3.85637474e+01 4.21684845e+02 3.87400055e+01
    4.05521820e+02 3.85820541e+01 3.89326996e+02 3.87872353e+01
    3.73415192e+02 3.87803192e+01 3.57299072e+02 3.91084785e+01
    3.23332886e+02 1.22613342e+02 3.07461853e+02 1.22461090e+02
    2.91238770e+02 1.22337700e+02 2.75118958e+02 1.22314255e+02
    2.59321564e+02 1.22260185e+02 2.42942917e+02 1.22177376e+02
    2.27224350e+02 1.21932953e+02 2.11433365e+02 1.21962700e+02
    1.95803268e+02 1.21794647e+02 3.23595490e+02 1.06476082e+02
    3.07566132e+02 1.06395592e+02 2.91495453e+02 1.06410179e+02
    2.75300385e+02 1.06205803e+02 2.59459503e+02 1.06234131e+02
    2.43113846e+02 1.05885201e+02 2.27336258e+02 1.05918236e+02
    2.11506104e+02 1.05857178e+02 1.95774887e+02 1.05757553e+02
    3.23779694e+02 8.95524979e+01 3.07669373e+02 8.97040253e+01
    2.91699036e+02 8.96018600e+01 2.75341248e+02 8.96317978e+01
    2.59541687e+02 8.96074371e+01 2.43439148e+02 8.95350571e+01
    2.27425476e+02 8.95318756e+01 2.11589554e+02 8.94864807e+01
    1.96065598e+02 8.94668579e+01 3.24092560e+02 7.33216705e+01
    3.07984192e+02 7.33455200e+01 2.91969940e+02 7.34104462e+01
    2.75628387e+02 7.32992172e+01 2.59583740e+02 7.34264221e+01
    2.43605270e+02 7.33560562e+01 2.27428375e+02 7.34268341e+01
    2.11715271e+02 7.33757477e+01 1.96139175e+02 7.34137039e+01
    3.24352234e+02 5.64386864e+01 3.08214752e+02 5.65478783e+01
    2.92221222e+02 5.66436348e+01 2.75768341e+02 5.66953430e+01
    2.59731842e+02 5.67996025e+01 2.43824554e+02 5.69532585e+01
    2.27668961e+02 5.69763756e+01 2.11981308e+02 5.70544319e+01
    1.96312622e+02 5.69559898e+01 3.24537445e+02 4.03487968e+01
    3.08493378e+02 4.03533936e+01 2.92341736e+02 4.05190544e+01
    2.75987701e+02 4.04808617e+01 2.59856964e+02 4.05787697e+01
    2.44179245e+02 4.06147270e+01 2.27922638e+02 4.06873779e+01
    2.12192703e+02 4.07965431e+01 1.96455383e+02 4.08513870e+01
