<?xml version="1.0"?>
<opencv_storage>
<calibration_time>"Sat Jan 12 15:08:31 2019"</calibration_time>
<nr_of_frames>11</nr_of_frames>
<image_width>640</image_width>
<image_height>426</image_height>
<board_width>9</board_width>
<board_height>6</board_height>
<square_size>50.</square_size>
<fix_aspect_ratio>1.</fix_aspect_ratio>
<!-- flags: +fix_aspectRatio +fix_principal_point +zero_tangent_dist -->
<flags>14</flags>
<fisheye_model>0</fisheye_model>
<camera_matrix type_id="opencv-matrix">
  <rows>3</rows>
  <cols>3</cols>
  <dt>d</dt>
  <data>
    7.0885549934236360e+02 0. 320. 0. 7.0885549934236360e+02 213. 0. 0.
    1.</data></camera_matrix>
<distortion_coefficients type_id="opencv-matrix">
  <rows>5</rows>
  <cols>1</cols>
  <dt>d</dt>
  <data>
    2.2686078557539430e-01 -1.8312064758444915e+00 0. 0.
    3.9552573205572781e+00</data></distortion_coefficients>
<avg_reprojection_error>1.9331235096677635e-01</avg_reprojection_error>
<per_view_reprojection_errors type_id="opencv-matrix">
  <rows>11</rows>
  <cols>1</cols>
  <dt>f</dt>
  <data>
    1.27373666e-01 1.89511806e-01 2.38583133e-01 1.87560171e-01
    1.86727077e-01 1.88492298e-01 2.04842091e-01 2.11634636e-01
    1.97228089e-01 1.80747136e-01 1.95224285e-01</data></per_view_reprojection_errors>
<!-- a set of 6-tuples (rotation vector + translation vector) for each view -->
<extrinsic_parameters type_id="opencv-matrix">
  <rows>11</rows>
  <cols>6</cols>
  <dt>d</dt>
  <data>
    -1.2813224987536720e-01 9.8064590671165242e-02
    2.2626416322316528e-02 3.5150798991688532e+02
    -4.5390799830040146e+02 2.0859048521855393e+03
    -1.5101002591707810e-01 3.2469103103961790e-02
    -4.9068443375181355e-02 -2.2239935076175283e+02
    -4.8189704501968674e+02 2.1031296359657881e+03
    -2.1433619389361278e-01 1.5838560563824414e-01
    -4.4502832928148370e-02 -8.2376925884743218e+02
    -4.5699854062038702e+02 2.2228810696719847e+03
    -1.0029078771827293e-01 -5.0578611702073534e-02
    -4.5872167105918170e-03 3.8087674900036785e+02
    -1.4299484328614884e+02 2.0052212934415320e+03
    -1.4327750770832093e-01 5.7217545118675564e-02
    -1.4870362903379310e-02 -2.4210588621325837e+01
    -1.6609478642052159e+02 1.9618870565943982e+03
    -1.4533400126097612e-01 7.4441285564528711e-02
    2.0776718099920054e-02 -3.2780581498304059e+02
    -1.3928214635756436e+02 2.0158845287427803e+03
    -1.6960097921667705e-01 1.0187687759928181e-01
    -1.1140441147319160e-02 -7.0185970021903847e+02
    -1.2994906169197654e+02 1.9862556079312133e+03
    -1.6684577656152480e-01 9.9629817058555628e-02
    -4.7215301017688963e-02 -7.6631778584365622e+02
    1.6365518724748586e+02 1.9554517500142003e+03
    -1.4023435113699742e-01 7.3808078748938286e-02
    -2.0497043687931055e-02 -4.7481836219041224e+02
    1.2468077595763573e+02 1.8203767729144240e+03
    -1.4467755995789602e-01 6.8762570554487354e-02
    1.8365409649856373e-02 -1.1046878946843228e+02
    1.4430361942275778e+02 1.8403240012940159e+03
    -1.5285629098476650e-01 4.1963048793492032e-02
    -6.5784106885581192e-03 2.3161499832310486e+02
    1.1380015951882305e+02 1.8679531660932696e+03</data></extrinsic_parameters>
<image_points type_id="opencv-matrix">
  <rows>11</rows>
  <cols>54</cols>
  <dt>"2f"</dt>
  <data>
    4.40390961e+02 5.75441666e+01 4.57781464e+02 5.74025841e+01
    4.75415833e+02 5.74244690e+01 4.92813080e+02 5.72404671e+01
    5.10234528e+02 5.71913033e+01 5.27859680e+02 5.70838814e+01
    5.45581299e+02 5.71408272e+01 5.63279907e+02 5.72034683e+01
    5.80993896e+02 5.73543968e+01 4.40388031e+02 7.39550552e+01
    4.57716461e+02 7.40325851e+01 4.75316833e+02 7.39799652e+01
    4.92964966e+02 7.40427704e+01 5.10369904e+02 7.39296265e+01
    5.27979797e+02 7.38199234e+01 5.45713806e+02 7.39646530e+01
    5.63448853e+02 7.40682297e+01 5.81065796e+02 7.40095291e+01
    4.40060059e+02 9.06592484e+01 4.57548157e+02 9.05641403e+01
    4.75366150e+02 9.07579498e+01 4.92916992e+02 9.06376419e+01
    5.10638672e+02 9.06161118e+01 5.28326965e+02 9.05028687e+01
    5.46185730e+02 9.05894928e+01 5.63769714e+02 9.08382111e+01
    5.81748779e+02 9.09857178e+01 4.39889465e+02 1.07517044e+02
    4.57563110e+02 1.07517548e+02 4.75125824e+02 1.07567245e+02
    4.92985107e+02 1.07662849e+02 5.10537659e+02 1.07542786e+02
    5.28432922e+02 1.07490471e+02 5.46300598e+02 1.07665588e+02
    5.64300354e+02 1.07732117e+02 5.81827576e+02 1.07901932e+02
    4.39727814e+02 1.24367256e+02 4.57341064e+02 1.24479004e+02
    4.75205292e+02 1.24611473e+02 4.93063599e+02 1.24639214e+02
    5.10875305e+02 1.24713417e+02 5.28757385e+02 1.24643692e+02
    5.46726807e+02 1.24832359e+02 5.64397278e+02 1.25030853e+02
    5.82478027e+02 1.25101250e+02 4.39584839e+02 1.41383926e+02
    4.57369202e+02 1.41408615e+02 4.75055054e+02 1.41573578e+02
    4.92980408e+02 1.41669983e+02 5.10909027e+02 1.41812088e+02
    5.28848938e+02 1.41910736e+02 5.46857239e+02 1.42073410e+02
    5.64949524e+02 1.42314255e+02 5.82921814e+02 1.42434341e+02
    2.44510742e+02 4.94334145e+01 2.61280029e+02 4.80586739e+01
    2.78215332e+02 4.73929825e+01 2.95359589e+02 4.65075645e+01
    3.12141205e+02 4.54362068e+01 3.29212799e+02 4.43464355e+01
    3.46548706e+02 4.35406685e+01 3.63424591e+02 4.22694435e+01
    3.80518799e+02 4.13531952e+01 2.45019241e+02 6.53853226e+01
    2.62036621e+02 6.46619644e+01 2.78700775e+02 6.39145660e+01
    2.95999146e+02 6.26693535e+01 3.13059326e+02 6.18850555e+01
    3.29856323e+02 6.09198685e+01 3.47154724e+02 5.95770302e+01
    3.64426819e+02 5.87288818e+01 3.81354340e+02 5.79043541e+01
    2.45442276e+02 8.21948776e+01 2.62684357e+02 8.07760391e+01
    2.79615173e+02 8.02510605e+01 2.96566681e+02 7.94343262e+01
    3.13834137e+02 7.81045380e+01 3.30939178e+02 7.71421356e+01
    3.48058411e+02 7.64159851e+01 3.65186859e+02 7.51289139e+01
    3.82573761e+02 7.42717209e+01 2.46153275e+02 9.84143448e+01
    2.63218567e+02 9.77827759e+01 2.80384766e+02 9.70759659e+01
    2.97545715e+02 9.57672195e+01 3.14425507e+02 9.50316315e+01
    3.31715820e+02 9.40101013e+01 3.48978302e+02 9.26500397e+01
    3.66058105e+02 9.18683090e+01 3.83139679e+02 9.10738754e+01
    2.46927170e+02 1.15376175e+02 2.63797058e+02 1.14310410e+02
    2.80999329e+02 1.13454453e+02 2.98319916e+02 1.12651657e+02
    3.15397705e+02 1.11584808e+02 3.32405914e+02 1.10339790e+02
    3.49801208e+02 1.09650887e+02 3.67235809e+02 1.08673317e+02
    3.84322632e+02 1.07481766e+02 2.47537567e+02 1.31621994e+02
    2.64583435e+02 1.31077515e+02 2.81557159e+02 1.30390167e+02
    2.99036407e+02 1.29192764e+02 3.16267975e+02 1.28262695e+02
    3.33339417e+02 1.27462654e+02 3.50561493e+02 1.26396225e+02
    3.67892395e+02 1.25344139e+02 3.85469971e+02 1.24426506e+02
    5.61418686e+01 6.68299255e+01 7.07584839e+01 6.50384903e+01
    8.58044205e+01 6.35252991e+01 1.00730904e+02 6.16731796e+01
    1.15816376e+02 6.02430534e+01 1.31115387e+02 5.86067047e+01
    1.46791199e+02 5.70780106e+01 1.62335449e+02 5.55003090e+01
    1.78480453e+02 5.37557564e+01 5.54789925e+01 8.13058319e+01
    7.01063995e+01 7.99481735e+01 8.49584579e+01 7.83643646e+01
    1.00318710e+02 7.70804214e+01 1.15478226e+02 7.53258896e+01
    1.30642883e+02 7.37650681e+01 1.46339752e+02 7.22566757e+01
    1.61983200e+02 7.10729904e+01 1.78032806e+02 6.92034073e+01
    5.40540504e+01 9.65578156e+01 6.87472534e+01 9.49758606e+01
    8.39085083e+01 9.41751938e+01 9.91382980e+01 9.21680832e+01
    1.14765877e+02 9.06338959e+01 1.30277023e+02 8.88704605e+01
    1.45841934e+02 8.78382263e+01 1.61531998e+02 8.62163849e+01
    1.77863266e+02 8.49729538e+01 5.30577354e+01 1.12206238e+02
    6.83385468e+01 1.10352165e+02 8.32405396e+01 1.09317467e+02
    9.86206284e+01 1.07658768e+02 1.13843994e+02 1.06447853e+02
    1.29581879e+02 1.04732574e+02 1.45499161e+02 1.03480431e+02
    1.61467072e+02 1.01880486e+02 1.77294357e+02 1.00627701e+02
    5.25992355e+01 1.27204063e+02 6.73991699e+01 1.25780685e+02
